1       New york                8091700	40.670	 -73.940
2       Los angeles             3847400	34.110	-118.410
3       Chicago	                2862400	41.840	 -87.680
4       Houston	                2020100	29.770	 -95.390
5       Philadelphia            1472500	40.010	 -75.130
6       Phoenix	                1409900	33.540	-112.070
7       San diego               1276000	32.810	-117.140
8       San antonio             1234900	29.460	 -98.510
9       Dallas	                1212600	32.790	 -96.770
10      Detroit	                904100	42.380	 -83.100
11      San jose                900200	37.300	-121.850
12      Jacksonville            786100	30.330	 -81.660
13      Indianapolis            778800	39.780	 -86.150
14      San francisco           746900	37.770	-122.450
15      Columbus                730900	39.990	 -82.990
16      Austin	                675600	30.310	 -97.750
17      Memphis	                645800	35.110	 -90.010
18      Baltimore               624600	39.300	 -76.610
19      Fort worth              599800	32.750	 -97.340
20      El paso	                591600	31.850	-106.440
21      Charlotte               589400	35.200	 -80.830
22      Milwaukee               585600	43.060	 -87.970
23      Boston	                577100	42.340	 -71.020
24      Seattle	                570200	47.620	-122.350
25      Denver	                557400	39.770	-104.870
26      Washington              556500	38.910	 -77.020
27      Nashville               546000	36.170	 -86.780
28      Portland                539900	45.540	-122.660
29      Las vegas               527900	36.210	-115.220
30      Oklahoma city           527100	35.470	 -97.510
31      Tucson	                514500	32.200	-110.890
32      Long beach              479200	33.790	-118.160
33      Albuquerque             478900	35.120	-106.620
34      New orleans             466600	30.070	 -89.930
35      Cleveland               457600	41.480	 -81.680
36      Fresno	                457200	36.780	-119.790
37      Sacramento              453700	38.570	-121.470
38      Virginia beach          445100	36.740	 -76.040
39      Kansas city             443200	39.120	 -94.550
40      Mesa	                439400	33.420	-111.740
41      Atlanta	                423900	33.760	 -84.420
42      Omaha	                408400	41.260	 -96.010
43      Oakland	                397800	37.770	-122.220
44      Tulsa	                385900	36.130	 -95.920
45      Honolulu                382800	21.320	-157.800
46      Miami	                380500	25.780	 -80.210
47      Minneapolis             372600	44.960	 -93.270
48      Colorado spring         371200	38.860	-104.760
49      Arlington               360300	32.690	 -97.130
50      Wichita	                354600	37.690	 -97.340
51      Santa ana               343100	33.740	-117.880
52      Anaheim	                333400	33.840	-117.870
53      Saint louis             329200	38.640	 -90.240
54      Raleigh	                324400	35.820	 -78.660
55      Pittsburgh              324000	40.440	 -79.980
56      Tampa	                321300	27.960	 -82.480
57      Cincinnati              313700	39.140	 -84.510
58      Toledo	                309000	41.660	 -83.580
59      Aurora	                294300	39.710	-104.730
60      Riverside               287400	33.940	-117.400
61      Buffalo	                283500	42.890	 -78.860
62      Corpus christi          281100	27.710	 -97.290
63      Newark	                279000	40.720	 -74.170
64      Saint paul              278900	44.950	 -93.100
65      Bakersfield             278500	35.360	-119.000
66      Stockton                278100	37.970	-121.310
67      Anchorage               273000	61.180	-149.190
68      Lexington-fayette       269500	38.040	 -84.460
69      Saint petersburg        248500	27.760	 -82.640
70      Louisville              247600	38.220	 -85.740
71      Plano	                245900	33.050	 -96.750
72      Norfolk	                244600	36.920	 -76.240
73      Jersey city             238900	40.710	 -74.060
74      Lincoln	                238200	40.820	 -96.690
75      Glendale                236100	33.580	-112.200
76      Birmingham              235200	33.530	 -86.800
77      Greensboro              230500	36.080	 -79.830
78      Hialeah	                226700	25.860	 -80.300
79      Fort wayne              225900	41.070	 -85.140
80      Baton rouge             224900	30.450	 -91.130
81      Henderson               222600	36.030	-115.000
82      Scottsdale              221100	33.690	-111.870
83      Madison	                221000	43.080	 -89.390
84      Chandler                218700	33.300	-111.870
85      Garland	                218100	32.910	 -96.630
86      Chesapeake              214500	36.680	 -76.310
87      Rochester               213900	43.170	 -77.620
88      Akron	                211000	41.080	 -81.520
89      Modesto	                209800	37.660	-120.990
90      Lubbock	                209400	33.580	-101.880
91      Paradise                209300	36.080	-115.130
92      Orlando	                204300	28.500	 -81.370
93      Fremont	                203800	37.530	-122.000
94      Chula vista             203200	32.630	-117.040
95      Laredo	                202500	27.530	 -99.490
96      Glendale                201900	34.180	-118.250
97      Durham	                200700	35.980	 -78.910
98      Montgomery              199500	32.350	 -86.280
99      San bernardino          198600	34.140	-117.290
100     Reno	                198300	39.540	-119.820
101     Shreveport              198100	32.470	 -93.800
102     Yonkers	                197600	40.950	 -73.870
103     Spokane	                197500	47.670	-117.410
104     Tacoma	                197000	47.250	-122.460
105     Huntington beach        195200	33.690	-118.010
106     Grand rapids            195200	42.960	 -85.660
107     Des moines              195000	41.580	 -93.620
108     Augusta-richmond        194400	33.460	 -81.990
109     Irving	                194400	32.860	 -96.970
110     Richmond                193900	37.530	 -77.470
111     Mobile	                192800	30.680	 -88.090
112     Winston-salem           191900	36.100	 -80.260
113     Boise city              191500	43.610	-116.230
114     Arlington               187400	38.880	 -77.100
115     Columbus                186400	32.510	 -84.870
116     Little rock             184400	34.720	 -92.350
117     Oxnard	                183500	34.200	-119.210
118     Newport news            183300	37.080	 -76.510
119     Amarillo                180600	35.200	-101.820
120     Salt lake city          179900	40.780	-111.930
121     Jackson	                179000	32.320	 -90.210
122     Providence              177000	41.820	 -71.420
123     Worcester               176300	42.270	 -71.810
124     Irvine	                176300	33.660	-117.800
125     Sunrise manor           175600	36.190	-115.050
126     Knoxville               173500	35.970	 -83.950
127     Ontario	                169600	34.050	-117.610
128     Oceanside               168500	33.230	-117.310
129     Garden grove            167400	33.780	-117.960
130     Fort lauderdale         167000	26.140	 -80.140
131     Aurora	                165800	41.770	 -88.290
132     Huntsville              165600	34.710	 -86.630
133     Santa clarita           164800	34.410	-118.510
134     Overland park           161800	38.910	 -94.680
135     Moreno valley           161600	33.930	-117.210
136     Dayton	                161200	39.780	 -84.200
137     Brownsville             160700	25.930	 -97.480
138     Tempe	                159700	33.390	-111.930
139     Fontana	                157300	34.100	-117.460
140     Rancho cucamonga        156900	34.120	-117.570
141     Pomona	                155100	34.060	-117.760
142     Chattanooga             155000	35.070	 -85.260
143     Tallahassee             154100	30.460	 -84.280
144     Santa rosa              153900	38.450	-122.700
145     Vancouver               153400	45.630	-122.640
146     Springfield             152400	42.120	 -72.540
147     Rockford                152400	42.270	 -89.060
148     Gilbert	                151600	33.330	-111.760
149     Pembroke pines          151400	26.010	 -80.340
150     Springfield             151100	37.200	 -93.290
151     Paterson                151100	40.910	 -74.160
152     North las vegas         150800	36.270	-115.140
153     Hampton	                148100	37.050	 -76.290
154     Metairie                147900	30.000	 -90.180
155     Salinas	                147800	36.680	-121.640
156     Corona	                145700	33.870	-117.570
157     Kansas city             145100	39.120	 -94.730
158     East los angeles        144900	34.030	-118.170
159     Pasadena                144800	29.660	 -95.150
160     Salem	                144700	44.920	-123.020
161     Hollywood               144400	26.030	 -80.160
162     Eugene	                143900	44.050	-123.110
163     Torrance                143800	33.830	-118.340
164     Syracuse                143400	43.040	 -76.140
165     Pasadena                142600	34.160	-118.140
166     Lakewood                142100	39.700	-105.110
167     Hayward	                141000	37.630	-122.100
168     Naperville              139800	41.760	 -88.150
169     Bridgeport              139700	41.190	 -73.200
170     Grand prairie           138300	32.690	 -97.020
171     Escondido               136700	33.140	-117.070
172     Sioux falls             136300	43.540	 -96.730
173     Warren	                135100	42.490	 -83.030
174     Fullerton               133300	33.880	-117.930
175     Orange	                133100	33.810	-117.820
176     Spring valley           132100	36.110	-115.240
177     Peoria	                131400	33.690	-112.240
178     Palmdale                130500	34.610	-118.090
179     Mesquite                130300	32.770	 -96.600
180     Coral springs           128700	26.270	 -80.260
181     Sunnyvale               128300	37.390	-122.030
182     Alexandria              128300	38.820	 -77.090
183     Savannah                128100	32.020	 -81.130
184     Lancaster               127200	34.690	-118.180
185     Joliet	                127000	41.530	 -88.120
186     Fort collins            126900	40.560	-105.070
187     Sterling heights        126300	42.580	 -83.030
188     Thousand oaks	        125600	34.190	-118.870
189     Concord	                125300	37.970	-122.000
190     New haven               125000	41.310	 -72.920
191     Fayetteville            124900	35.070	 -78.900
192     Hartford                124600	41.770	 -72.680
193     Elizabeth               123400	40.670	 -74.190
194     El monte                123400	34.070	-118.030
195     Cape coral              123000	26.640	 -82.000
196     Cedar rapids            122700	41.970	 -91.670
197     Topeka	                122100	39.040	 -95.690
198     Stamford                120500	41.100	 -73.550
199     Vallejo	                120100	38.110	-122.260
200     Flint	                119500	43.020	 -83.690
201     Macallen                118900	26.220	 -98.240
202     Lansing	                118400	42.710	 -84.550
203     Carrollton              118400	32.990	 -96.900
204     Waco	                118300	31.570	 -97.180
205     Simi valley             117900	34.260	-118.750
206     Columbia                117700	34.040	 -80.890
207     Evansville              117400	37.980	 -87.540
208     Inglewood               115800	33.960	-118.340
209     Abilene	                115300	32.450	 -99.740
210     Springfield             114900	39.780	 -89.640
211     Ann arbor               114200	42.280	 -83.730
212     Gainesville             113900	29.670	 -82.340
213     Peoria	                113200	40.740	 -89.610
214     Beaumont                112700	30.090	 -94.140
215     West valley city        112500	40.690	-112.010
216     Bellevue                112400	47.600	-122.160
217     Lafayette               112000	30.220	 -92.030
218     Independence            111700	39.090	 -94.350
219     Downey	                111100	33.940	-118.130
220     Port saint lucie        109900	27.280	 -80.350
221     Costa mesa              109600	33.670	-117.910
222     Clarksville             109600	36.560	 -87.350
223     Manchester              109500	42.980	 -71.440
224     West covina             109000	34.050	-117.910
225     Clearwater              108900	27.980	 -82.770
226     Waterbury               108500	41.560	 -73.040
227     Norwalk	                108300	33.910	-118.080
228     Olathe	                107900	38.890	 -94.810
229     Provo	                106100	40.250	-111.640
230     Allentown               106000	40.600	 -75.480
231     Arden-arcade            105600	38.600	-121.380
232     South bend              105100	41.680	 -86.270
233     San buenaventura        104900	34.270	-119.260
234     Pueblo	                104100	38.270	-104.620
235     Burbank	                104000	34.190	-118.330
236     Lowell	                104000	42.640	 -71.320
237     Fairfield               103700	38.250	-122.040
238     Westminster             103600	39.880	-105.050
239     Visalia	                103400	36.330	-119.320
240     Charleston              102900	32.790	 -79.990
241     Santa clara             102600	37.370	-121.970
242     Wichita falls           102500	33.900	 -98.520
243     Richmond                102500	37.950	-122.360
244     Antioch	                102300	37.990	-121.800
245     Arvada	                102200	39.820	-105.110
246     Roseville               102200	38.760	-121.290
247     Richardson              101800	32.970	 -96.710
248     Green bay               101600	44.520	 -87.990
249     Cambridge               101500	42.380	 -71.120
250     Berkeley                101400	37.870	-122.270
251     Cary	                101400	35.780	 -78.800
252     Erie	                101000	42.130	 -80.090
253     Miramar	                100600	25.980	 -80.330
254     Daly city               100500	37.690	-122.470
255     Norman	                100300	35.230	 -97.340
256     Portsmouth              99900	36.860	 -76.360
257     Edison	                99800	40.530	 -74.370
258     Gary	                99500	41.600	 -87.340
259     South gate              99400	33.940	-118.190
260     Rialto	                99400	34.110	-117.390
261     Livonia	                99100	42.400	 -83.370
262     Thornton                98900	39.890	-104.960
263     Killeen	                98900	31.100	 -97.720
264     Centennial              98400	39.600	-104.850
265     Midland	                97600	32.030	-102.100
266     Elgin	                97600	42.040	 -88.290
267     Billings                97600	45.790	-108.540
268     Davenport               97400	41.560	 -90.600
269     Gresham	                96900	45.500	 122.440
270     Everett	                96700	47.960	-122.200
271     Compton	                96400	33.890	-118.230
272     Dearborn                96100	42.310	 -83.210
273     Mission viejo           95900	33.610	-117.650
274     Denton	                95900	33.210	 -97.130
275     Macon	                95400	32.840	 -83.660
276     El cajon                95200	32.800	-116.960
277     Brockton                94900	42.080	 -71.030
278     Vacaville               94800	38.360	-121.970
279     Carson	                94600	33.840	-118.260
280     New bedford             94200	41.660	 -70.940
281     Albany	                94100	42.670	 -73.800
282     Rochester               94100	44.010	 -92.480
283     Kenosha	                93300	42.580	 -87.850
284     Fall river              92900	41.710	 -71.110
285     Boulder	                92700	40.030	-105.250
286     Roanoke	                92600	37.280	 -79.960
287     High point              92500	35.980	 -80.000
288     Vista	                92300	33.190	-117.240
289     Lawton	                92200	34.600	 -98.420
290     Wilmington              91800	34.210	 -77.910
291     Waukegan                91700	42.370	 -87.870
292     Odessa	                91700	31.870	-102.350
293     Fargo	                91700	46.880	 -96.820
294     Columbia                91500	39.200	 -76.860
295     West palm beach	        91100	26.750	 -80.130
296     San mateo               91000	37.560	-122.310
297     Sandy springs           90800	33.940	 -84.370
298     Orem                    90500	40.300	-111.700
299     Sunrise	                90100	26.150	 -80.300
